-1.493827798
-3.25727855
-3.602319364
-3.052265642
-3.915557863
-3.400238884
-3.885071708
-4.064924226
-3.392344821
-3.896511607
-3.907200271
-2.991666234
-3.785329016
-3.603889983
-4.926913306
-4.768573689
-4.291584015
-4.988179733
-4.796313626
-4.548193942
-4.298174897
-4.754735952
-4.469514687
-4.831386251
-4.562897382
-4.711244093
-4.854827757
-4.882248638
-4.846131923
-4.386944089
-4.588818908
-4.225434633
-4.018539813
-4.568870553
-4.716037832
-4.954798994
-4.191852243
-4.265986847
-4.763788671
-3.208148372
-4.688825781
-4.388500367
-4.148838027
-4.261910095
-4.595445093
-4.748150743
-4.541765807
-4.791175052
-4.707228987