2.259323073766333345e-01
4.798296936996972878e-02
2.779212154048304323e-02
4.800044669314292023e-02
2.077077718932412304e-02
3.506881639254885719e-02
2.168368360234414205e-02
2.018176870056556660e-02
3.051472532570807458e-02
2.076374086441024405e-02
1.968491337035650768e-02
4.161963488736999256e-02
3.315085040795931470e-02
2.798187533493474641e-02
7.724068929654681094e-03
9.026242995168310898e-03
1.538140626173902480e-02
9.190348250417807244e-03
8.934316814841835805e-03
9.233928069239255576e-03
1.284764835807357744e-02
9.285225147643657098e-03
9.449784359339213902e-03
8.473778000317316872e-03
1.179106472987662309e-02
9.972061250527443355e-03
8.148972163163748991e-03
7.872285709292192388e-03
8.666028555222325680e-03
1.073947462258627999e-02
1.116505879076443337e-02
1.561587476612731791e-02
1.937894672571429180e-02
1.119433898153509438e-02
8.790185643218834805e-03
6.174942557486210078e-03
1.569962973042476548e-02
1.566649090986263135e-02
8.347578108313555637e-03
7.389503028910898372e-03
1.061213983946738063e-02
1.261658452703071955e-02
1.341146226407599444e-02
1.519074455439521111e-02
1.164262097201608330e-02
9.566905122421837104e-03
1.289440587201742469e-02
8.108116083018644324e-03
8.669206250344728068e-03
