3.874700000000000000e+04
7.478900000000000000e+04
4.542100000000000000e+04
6.832200000000000000e+04
7.622300000000000000e+04
1.745200000000000000e+05
2.115880000000000000e+05
9.612000000000000000e+04
8.399700000000000000e+04
6.282600000000000000e+04
5.103900000000000000e+04
5.677500000000000000e+04
7.961200000000000000e+04
4.820700000000000000e+04
4.610700000000000000e+04
5.303500000000000000e+04
1.035960000000000000e+05
7.384600000000000000e+04
1.063330000000000000e+05
8.000100000000000000e+04
4.369200000000000000e+04
8.807900000000000000e+04
5.118300000000000000e+04
4.914900000000000000e+04
5.210300000000000000e+04
4.969900000000000000e+04
4.730400000000000000e+04
1.078990000000000000e+05
4.746600000000000000e+04
1.163740000000000000e+05
4.599700000000000000e+04
7.719700000000000000e+04
3.897530000000000000e+05
