2.780400000000000000e+04 4.139000000000000000e+04
4.727200000000000000e+04 8.635200000000000000e+04
2.623900000000000000e+04 6.240300000000000000e+04
4.683800000000000000e+04 7.582700000000000000e+04
3.868600000000000000e+04 7.757400000000000000e+04
1.910770000000000000e+05 5.544000000000000000e+04
3.100820000000000000e+05 2.227000000000000000e+03
4.971400000000000000e+04 7.833000000000000000e+04
5.565700000000000000e+04 8.950200000000000000e+04
3.565600000000000000e+04 6.686700000000000000e+04
3.034900000000000000e+04 5.721200000000000000e+04
4.855100000000000000e+04 5.352500000000000000e+04
7.320600000000000000e+04 5.630000000000000000e+04
3.416500000000000000e+04 6.707200000000000000e+04
3.011900000000000000e+04 6.041000000000000000e+04
2.872300000000000000e+04 5.727100000000000000e+04
1.105680000000000000e+05 5.212100000000000000e+04
6.602500000000000000e+04 6.035500000000000000e+04
1.116430000000000000e+05 5.317400000000000000e+04
7.582800000000000000e+04 4.966000000000000000e+04
3.295000000000000000e+04 4.136000000000000000e+04
7.665000000000000000e+04 9.427200000000000000e+04
2.949400000000000000e+04 7.947400000000000000e+04
3.465100000000000000e+04 6.360800000000000000e+04
3.587300000000000000e+04 5.500100000000000000e+04
3.088000000000000000e+04 6.841600000000000000e+04
3.452700000000000000e+04 5.546600000000000000e+04
1.054110000000000000e+05 7.132200000000000000e+04
2.847700000000000000e+04 5.207600000000000000e+04
1.281800000000000000e+05 4.492700000000000000e+04
2.578200000000000000e+04 6.297000000000000000e+04
5.715200000000000000e+04 1.007000000000000000e+05
4.638580000000000000e+05 4.320000000000000000e+04
