-1.781975024286473752e-01 5.153490048870451545e+01
1.136289264508435065e-01 5.148824835351922502e+01
7.793496031128599455e-02 5.153971137168415595e+01
-1.911087904006930072e-01 5.141408174578146628e+01
-1.975310201721809378e-01 5.149641895189837726e+01
-2.707268947271652126e-01 5.151490542468206968e+01
-8.163682085203283201e-02 5.138075459124005562e+01
-2.195345974179218340e-01 5.150035192546413043e+01
1.090744782939477159e-01 5.159026524139081005e+01
-9.544921585336978154e-02 5.151670724394205791e+01
-8.152887455613878898e-02 5.151357064478665393e+01
-1.329312905116927790e-01 5.159863716606236750e+01
-2.752949365130137327e-01 5.138387862297705766e+01
1.482695983072465917e-01 5.154558920732137750e+01
-2.945137105758356966e-01 5.154047459078445570e+01
-5.828836739495120434e-02 5.138420896918170655e+01
-2.421118016714416676e-01 5.150339309809525190e+01
-2.135882675290322052e-01 5.149434388532278462e+01
-1.517714853741987946e-01 5.144987717343477840e+01
6.860347196031513217e-02 5.158130884010480344e+01
1.618257310369744517e-01 5.145764172007714166e+01
-2.372971045420154967e-01 5.147990918296032703e+01
-2.795102349937940711e-01 5.157113304779394269e+01
-4.071933851293955686e-01 5.152520205746240123e+01
-1.110974363175655233e-01 5.153735790466963351e+01
-9.168867096485626422e-02 5.151852561819293896e+01
-1.919167498079930867e-01 5.151707593735174129e+01
7.235640101018518677e-02 5.151551806494826025e+01
1.189566229768450056e-01 5.155453392495610387e+01
-1.378556474254178377e-01 5.137637861472176581e+01
-1.323715027089195639e-01 5.135194144951081796e+01
-4.399572865253353338e-01 5.145040558744102555e+01
-1.479608472620793369e-01 5.143569552180712634e+01
-2.505319809497337166e-02 5.142779961346917617e+01
-3.100348476032079303e-01 5.160445335816748980e+01
-1.940702233455025572e-01 5.134804207766070760e+01
-1.665868376182039756e-01 5.154610620453708947e+01
1.512595414558053630e-01 5.149342695442377504e+01
-1.063983373560730972e-01 5.139710835744023143e+01
-2.894526004389975649e-01 5.139264165830572750e+01
-5.748523751258292208e-02 5.153122956159695889e+01
-5.662002981118468420e-02 5.152341486188029762e+01
-2.589532378127344381e-01 5.140273603657037427e+01
4.632272043103653758e-02 5.140164151814607152e+01
2.366797530533951838e-02 5.131630157635761691e+01
-1.147271487146724472e-01 5.150151945284669353e+01
9.172780454429838026e-02 5.144550908149130208e+01
1.027749859451571436e-03 5.146667089966523179e+01
1.668683117662511303e-02 5.147471021891471565e+01
-6.562068963710154974e-03 5.150003912318333477e+01
1.169513515095993161e-01 5.144600693215654275e+01
-1.314325907681396233e-01 5.152198800944724866e+01
4.139223269260716015e-02 5.153108884904171560e+01
-4.331572837587144842e-01 5.151234054329451340e+01
-1.224187565914769960e-01 5.160520191247601929e+01
-2.658696251196371318e-02 5.153681539496029984e+01
-3.702845278447667449e-02 5.153137294460144346e+01
-1.093610918774962776e-01 5.161134801231890634e+01
1.392218129861471920e-01 5.146822356570844903e+01
-1.009743631448137696e-01 5.151365728291109747e+01
-3.016988698040617423e-01 5.149272214335054798e+01
4.719625637829962667e-02 5.160749097603577695e+01
-1.238913958200471566e-01 5.145282369137179046e+01
-1.160430127680284057e-01 5.137965846731911057e+01
-3.022031584623506226e-02 5.146922979082098948e+01
-1.641735475237978206e-02 5.152344240229033545e+01
4.077516354712482083e-02 5.137255482240914972e+01
1.471592351587243906e-02 5.140372224520229594e+01
-1.699783429267396340e-01 5.149582730652341667e+01
-2.188854114822157693e-01 5.154288219723297715e+01
1.651038328515300191e-01 5.157288441366890908e+01
-9.526816475457611233e-02 5.156618823742419266e+01
-7.592148196686905604e-02 5.159331767445895167e+01
-4.641466578136651533e-01 5.152814816522293739e+01
-1.448804235885541303e-01 5.162859217791069000e+01
-8.512615869534313762e-02 5.147373686851983621e+01
-1.619682854036103015e-01 5.151954362574859658e+01
-9.460934664483565404e-02 5.152492676054691856e+01
-2.596749694154709132e-01 5.160353267738024385e+01
-7.843169664651720996e-02 5.163522873812066649e+01
-1.189745232114069323e-01 5.154047963763260753e+01
-9.563463183105137821e-02 5.147709058422905315e+01
-1.491071209735655434e-01 5.154031307780628168e+01
-1.937170932391173439e-01 5.150565108897550459e+01
-2.946600072591720187e-01 5.141685164908278693e+01
1.190144444378960289e-02 5.155720005693918040e+01
7.306981967823753150e-03 5.152240969117826097e+01
1.678028265873479988e-02 5.151247252033920887e+01
-2.144858806660878137e-01 5.140085243064793730e+01
-9.119991963414569858e-02 5.154339319175033296e+01
-3.057044514899958654e-01 5.162301254147370599e+01
-1.337043160533725739e-01 5.154505194666272416e+01
-1.696180592192368941e-01 5.136438871681986740e+01
-1.632024522904194641e-01 5.134038653230592075e+01
-8.656021487656054281e-03 5.143934513189110191e+01
2.861530438149009628e-04 5.155649216673651125e+01
-1.008076031536091072e-01 5.150245102468937830e+01
-3.965471183107354691e-01 5.157032259032284571e+01
-6.682601151297268283e-02 5.156599970948991540e+01
1.235268433252509207e-01 5.157527628296353583e+01
1.399851462127279234e-01 5.158475131310898831e+01
-1.198377766365059556e-02 5.159729326540013972e+01
3.547417160954658560e-02 5.148206109804938535e+01
-4.268079413161049995e-01 5.153228926880135674e+01
-1.022688833659973623e-01 5.167724938341008567e+01
-4.807651687098991877e-02 5.154834397025027215e+01
-9.079631193112748522e-02 5.149794349491836698e+01
-2.160169738989469734e-01 5.134787966225797362e+01
1.132065687645142371e-01 5.135103543065203269e+01
-3.053685218461921203e-01 5.136815369213613280e+01
-3.120272842242755584e-01 5.134796572841838014e+01
-2.026478313958041122e-01 5.156508443540968045e+01
5.254135864101259351e-03 5.163579140895728870e+01
7.429354449493706658e-02 5.141309457877161293e+01
-2.543332996417926872e-01 5.148394176304357472e+01
-2.705232921202302965e-01 5.148333323975954556e+01
1.409642499371794033e-01 5.145512433318146606e+01
2.194200856979425587e-02 5.159750074562573730e+01
-1.696982758990452644e-01 5.152389769982517009e+01
-1.470042845970573331e-01 5.148777786086798613e+01
-1.396812237912756771e-01 5.145629019331935439e+01
-1.416788373135842161e-01 5.146522182246868482e+01
5.211202517334971585e-02 5.158504821237509219e+01
8.126035225961107666e-02 5.155699689696869115e+01
-1.081283891041216333e-01 5.152654977378781354e+01
-3.227003970741205152e-01 5.152361350618093638e+01
-8.378054934187997849e-02 5.155665853418494748e+01
-4.783017619145258498e-02 5.140497037456712803e+01
-1.499421775817074975e-01 5.166087545092489108e+01
-1.085058898806630784e-01 5.146372354282529216e+01
5.964103913660493556e-02 5.143359729884910791e+01
-2.455791287801067091e-01 5.159407401005628202e+01
-7.712301704614352160e-02 5.143598596977971482e+01
-2.376965577533922680e-01 5.152203388098786263e+01
-1.738993622617129864e-01 5.141817701405371821e+01
-2.048280887005508033e-01 5.151632596273547193e+01
1.703906473240498209e-01 5.146998010389870615e+01
-2.646831212133232691e-01 5.142176771402136382e+01
-2.673938230933426974e-01 5.140924015286750404e+01
-1.941383789151812644e-02 5.141180869239269668e+01
-1.518474764381596565e-01 5.161119159389166811e+01
-1.235139779592448611e-01 5.130497358350300630e+01
-1.424342521603847167e-01 5.132200756096287364e+01
-1.832316897300102221e-01 5.149208535583881741e+01
5.915098170234604769e-02 5.157068597484917660e+01
-4.048789677104023266e-01 5.147348213889344493e+01
2.646257207709973303e-01 5.156987264764313750e+01
1.335116943046831262e-01 5.142351976039802963e+01
1.316573593771594441e-01 5.139166914801238306e+01
1.026549817665698972e-01 5.140034480087033586e+01
1.819014093773843044e-01 5.145314925125399697e+01
-1.763304364527705781e-01 5.148167743539585217e+01
-1.640260678664704486e-01 5.139774403604658914e+01
-3.874506561914234370e-02 5.144923423739756174e+01
-8.846150068858275872e-02 5.135518596500484279e+01
-1.290665179177623023e-01 5.157807385177496684e+01
-6.882667193985991805e-02 5.141699166949999977e+01
3.520620029304129955e-02 5.151207873298307760e+01
-7.121331336025144010e-02 5.154847031897205056e+01
1.181557852055068886e-01 5.145710497109579507e+01
5.722275226347652705e-02 5.132714758250224207e+01
-8.108824627390719131e-02 5.153962131943037406e+01
-2.365598618547096188e-01 5.156434213081719520e+01
-3.615997407860876423e-01 5.151586239476981888e+01
1.646541151401609629e-03 5.142436237515415343e+01
-2.415835539671147281e-01 5.155421777806527928e+01
-2.132368352567338421e-01 5.141351822170506125e+01
-3.096208198619515573e-01 5.151707086230950949e+01
-2.954605788812334488e-01 5.150686246773333465e+01
-1.955545911981133589e-01 5.149125106918756245e+01
-1.857417386909753498e-01 5.144019714499889062e+01
-2.605366013224901245e-01 5.152154829997556362e+01
-1.610292686234343906e-01 5.164673608781896519e+01
-7.305123743831225258e-02 5.145483790108895761e+01
-1.689355972749854717e-01 5.159505196383705083e+01
5.183308333047806360e-02 5.153265004401840343e+01
5.123189697447949609e-02 5.154254550211018682e+01
5.880339536135802819e-02 5.152477293631331889e+01
-1.020155204892140774e-02 5.151535883323374776e+01
-2.127106566020550149e-01 5.145584444953248493e+01
-2.641241970288120133e-01 5.145119133088267205e+01
-8.468888395970350369e-02 5.148895948070702389e+01
9.698605743154518899e-02 5.146810509846908843e+01
1.735806870802999724e-01 5.155364755827345391e+01
1.056740009726758328e-01 5.153589571192605234e+01
-4.122990118352382050e-01 5.158317801607282860e+01
-2.817360232449347968e-01 5.162637449889948016e+01
-2.796135422518223335e-01 5.160314396026137729e+01
-5.371961412164022454e-02 5.161869968793449459e+01
1.971087499916660268e-01 5.154208590704485715e+01
6.112332686602801879e-02 5.145876301101517925e+01
6.897206857647768252e-02 5.144677956830084042e+01
3.670546047648963472e-02 5.145894416579301378e+01
-3.338731452837932490e-01 5.150507553882288647e+01
2.317678730097421647e-01 5.157510917224941238e+01
-9.565993545920898830e-03 5.162693937680167267e+01
-3.009176652586776496e-02 5.165784368768763102e+01
-2.340657969938103253e-02 5.167309313704394924e+01
1.696021228854166507e-01 5.148813331885032341e+01
-3.502011897038403293e-02 5.148640924451525791e+01
-8.590473720546597247e-02 5.137092161003499058e+01
-1.883437810515929400e-01 5.145895388839258544e+01
8.412128727695193653e-02 5.160039325829661294e+01
9.642030068401782894e-02 5.145811057319094317e+01
-8.834803630275159247e-02 5.148470380182281048e+01
6.694332329412491789e-02 5.136538911789224926e+01
-4.107816793441980141e-01 5.145769093772464942e+01
-4.280997679905889086e-01 5.143926281727875960e+01
-1.216300474171397999e-01 5.146382704660175023e+01
-1.791167603717912574e-02 5.135350066174137851e+01
-1.577919257533367814e-01 5.140804694196121716e+01
-2.011735087560782842e-01 5.159628006145570112e+01
-1.136091223577503778e-01 5.156180374589268922e+01
3.062976466610123610e-03 5.157687574131133346e+01
1.982558536440412467e-02 5.155141667245877102e+01
2.001398529285146333e-02 5.154569411813108815e+01
-5.811760603015816984e-02 5.144054494880111150e+01
-1.540246466554621718e-01 5.159241427513616429e+01
-2.016510767251064040e-01 5.155309827671361944e+01
-1.838188361387335101e-01 5.155459462261222114e+01
-2.651129759009495102e-01 5.158205822817458852e+01
-2.000779577657590402e-01 5.148311442036779795e+01
-2.188310238227294258e-01 5.148575978286751109e+01
6.760626129019134400e-02 5.159391613564832113e+01
-3.517859024218685793e-01 5.142847350257002859e+01
-1.465642932889544836e-01 5.142456179246162407e+01
-1.833057853283030780e-01 5.158097207022064623e+01
8.294301489795234683e-02 5.153241143347084829e+01
-9.200490541450334625e-02 5.142742210154114701e+01
8.098242560081038433e-02 5.148850421126737587e+01
-2.138063321112980419e-01 5.152456207233409202e+01
-2.127041861397294120e-01 5.157481584828671828e+01
1.106847274753514215e-01 5.156163705833480293e+01
2.311886571706616988e-01 5.161493330163666826e+01
1.355785474635714527e-01 5.153609041590421924e+01
-1.562417085070000877e-01 5.155288901376327004e+01
-9.143844370419514089e-02 5.164418830466736665e+01
-7.882481716214494172e-02 5.149686771189856671e+01
-1.533637874681978985e-01 5.141693019083971450e+01
-1.628470027996827829e-01 5.142549551200122693e+01
3.701562660024927676e-02 5.154186492436068789e+01
2.851862862083726774e-02 5.154002914862535789e+01
-3.632990966693292467e-01 5.153230137488368712e+01
-3.485957676308956144e-01 5.154230650606612585e+01
-3.320109806760408455e-01 5.158211153911236124e+01
-8.810525250386768217e-03 5.147791155808224772e+01
-2.999176365044470827e-01 5.140467302305909669e+01
-4.277031932351568928e-03 5.156362073004785174e+01
2.323572722251438655e-02 5.143592742756302272e+01
-6.044815996820667586e-02 5.154815001456841372e+01
-6.215460333399760312e-02 5.155767455827812284e+01
2.190217157924297109e-01 5.155049191604587122e+01
-7.551168255766910198e-02 5.153033093774287465e+01
1.254257011114533749e-01 5.161043061907628982e+01
-2.567849217714443522e-01 5.162611256608856536e+01
4.903203664970976795e-03 5.160242816161563439e+01
-2.961698254357376658e-01 5.143783886063818045e+01
-2.275939136660985462e-01 5.149375596414980549e+01
-1.740644656473454288e-01 5.156029264608500995e+01
-3.502643654229343761e-01 5.140949828485494777e+01
-3.749420605900672387e-01 5.142788507735250647e+01
-3.154259641883875309e-01 5.141672442838175527e+01
-2.929819681202661119e-01 5.152617748561951316e+01
-1.623146586572658812e-01 5.149360218794253541e+01
-3.914648728211607698e-01 5.143251592133339045e+01
-4.023082865729167290e-01 5.144039924092128757e+01
-4.762351275336227929e-01 5.159846945487878855e+01
-2.507325698901359257e-01 5.154093706870096270e+01
2.466036943113165958e-01 5.159228849487949020e+01
-1.034172420960538658e-01 5.157894055482571360e+01
-1.994715934224232101e-01 5.152660835752884338e+01
-3.469597039518260706e-01 5.161443625363936860e+01
-3.399159520222920228e-01 5.156829502966115797e+01
-7.446245636974627158e-02 5.162407741816528528e+01
-3.713524328165792587e-01 5.161013181811401296e+01
9.675105178574222933e-03 5.161723528632296620e+01
1.743599491390426248e-01 5.161299035788568546e+01
-1.535140744000539070e-01 5.154664673158737997e+01
1.154938750976921766e-02 5.136977585035929650e+01
-3.640768310892005255e-01 5.159430777332192264e+01
-3.511050871571754772e-01 5.158676631129708312e+01
1.543394330504024858e-01 5.155752370410866803e+01
-4.198296574786220675e-02 5.135685983822702383e+01
-3.718237927875097659e-01 5.144833053109296372e+01
-4.587349980339759381e-01 5.147727786214691292e+01
2.088887294150090224e-01 5.160472647326714934e+01
-2.243795250747814274e-01 5.159113288837990297e+01
-1.013172482939291852e-01 5.145892561569698387e+01
-3.808109452426545194e-01 5.147887849316738595e+01
-3.704154424627105202e-01 5.148399401638310025e+01
-3.973795505470187339e-01 5.148803208638360474e+01
-2.125313212021348597e-01 5.165492288602321480e+01
-4.460355209565453061e-02 5.158044688201724171e+01
-3.738864449935452167e-02 5.159764515829703413e+01
-9.837529970857157580e-02 5.155310532305769300e+01
-1.056332244770493839e-01 5.155693036663100060e+01
-1.551995583463215700e-01 5.156453265579385459e+01
-1.526195334283212968e-01 5.157673871005860633e+01
-1.095464227535552643e-01 5.165745976680262430e+01
-4.379319025012438082e-01 5.154250658245659622e+01
-1.282209783953975335e-01 5.157066947041943195e+01
-2.133187314183590533e-01 5.142044539316201224e+01
-3.407575864724908254e-01 5.151936943002954905e+01
-1.400628601384387023e-02 5.158359527836208258e+01
-1.177320020176201021e-01 5.151900711004886801e+01
-2.062973406313917402e-01 5.150182555091981840e+01
-1.193299841186115928e-01 5.155078344867138185e+01
-1.188067584832726425e-01 5.158652708204505188e+01
-3.566563077811011340e-01 5.147103251595380868e+01
-3.812957925857987096e-01 5.145900100304363889e+01
-3.500821221417419471e-01 5.146303182865851511e+01
-3.831296578141585862e-01 5.146838629994622494e+01
-8.792919926507053452e-02 5.153113504380610976e+01
-1.729956627925176849e-01 5.151606145218589461e+01
1.983446103865659504e-01 5.156350934525581664e+01
-4.603520590967923320e-01 5.156481357458832093e+01
-3.316153147187551053e-01 5.146488360309295729e+01
-4.070569231202475491e-02 5.163462987545347005e+01
-1.350345861101209244e-01 5.156307068410803396e+01
-2.973184978951285903e-02 5.139365837174445062e+01
-1.041608725805804603e-01 5.131845501568828638e+01
-2.367820075548069669e-01 5.153497911954796962e+01
-1.402417406007266387e-01 5.155148356278687061e+01
-2.999205793956561394e-01 5.158133763773880531e+01
-2.951189444240070459e-01 5.159039699700874593e+01
-3.161388861039168829e-01 5.159075225445504032e+01
-2.887001056251325970e-01 5.147712924021766412e+01
3.916901172468962439e-02 5.147104934146274502e+01
-1.986645769792023952e-01 5.153689339402864533e+01
-1.907314311199540813e-01 5.154034813606206455e+01
-1.212923523035082246e-01 5.152713957399056710e+01
-3.329298991400232721e-02 5.155579902989715890e+01
-1.078991786796693886e-01 5.142928701916132894e+01
-1.667531000187926493e-01 5.150439675210414947e+01
-3.706057454302998377e-01 5.152304143045773088e+01
-2.553860194286699387e-02 5.145901798716937492e+01
-1.854113783341592991e-01 5.151317963694223323e+01
-1.288269694217703543e-01 5.146879953964231902e+01
-9.744821920281613800e-03 5.161425995495022079e+01
-1.688323219439674394e-01 5.146841792023285933e+01
-1.713410641993719785e-01 5.141118806441652822e+01
-3.247128715449802694e-02 5.156840793250772492e+01
-5.069018405343544281e-02 5.155921533969465287e+01
7.058266253101574961e-03 5.145248135129742195e+01
1.299278995042494333e-01 5.148430563831301043e+01
-9.641475892730766092e-03 5.145601313682314526e+01
-1.597552927318841506e-02 5.156186096438907640e+01
8.964120751886203373e-03 5.156915531846235723e+01
-2.638645114168255632e-02 5.151130479325063050e+01
5.691035062261489558e-02 5.155376301249579996e+01
-1.808035319738195423e-01 5.152355552104925351e+01
-6.072014677657919940e-02 5.148239878913363299e+01
9.657869737990448789e-02 5.154383820392357762e+01
9.391191378333874074e-02 5.142719905496120703e+01
-1.415086039287052344e-01 5.140778462570598606e+01
-8.257362727836466132e-02 5.156517028096607191e+01
-4.484281891438977180e-02 5.162620445434037464e+01
-2.221870169423416086e-01 5.138842986464916152e+01
7.454581986473167443e-02 5.154999401400047532e+01
-1.895201603850857619e-01 5.152979633392195069e+01
-4.139172401941419999e-01 5.156864178067504412e+01
4.429204330536546524e-02 5.154996560334760858e+01
-2.187302378124976465e-01 5.155381306698640742e+01
-3.047267099965573003e-02 5.157697854074543642e+01
-3.343918319065847800e-01 5.159285736766710784e+01
-1.503532475715272099e-01 5.151962674809892917e+01
1.600685268738083200e-01 5.159144389147643039e+01
1.191704238156216372e-01 5.154403981182247207e+01
9.708377807271179050e-02 5.155420617613994949e+01
-2.009937583850831544e-01 5.140634204093443316e+01
2.812245029054952217e-02 5.145151058829036117e+01
-8.678115865248170469e-02 5.154955785591496209e+01
-2.873942786022982282e-02 5.152138265137532613e+01
-4.498574034431273433e-02 5.152622051490043020e+01
-2.246635546742543899e-01 5.161385164918699786e+01
-2.199504565006885071e-02 5.149750465778915043e+01
2.668330557935331623e-02 5.161512081016417852e+01
-2.504911802714303581e-01 5.146908537361620972e+01
4.158971883936684460e-02 5.143230858503665104e+01
-2.117390823201005801e-01 5.147830258425913286e+01
-1.373071297802543056e-01 5.158638905627564952e+01
-9.951646776241936804e-03 5.134123819529850863e+01
-3.995686879496321287e-02 5.147965106262677182e+01
-8.099326707108391032e-02 5.157276671236718357e+01
9.006530231914093576e-02 5.157140001977483479e+01
-1.013325977214648427e-01 5.148636837473824812e+01
-1.599340140190098625e-01 5.144310575840742672e+01
-1.064472596407527727e-01 5.159438923924734155e+01
-2.325989293642609090e-01 5.137054496783964197e+01
-2.855869190963287729e-01 5.140760090751240341e+01
-1.189486707835005902e-01 5.141081048136176435e+01
-2.113314004161885029e-01 5.150971929799743521e+01
1.989900459944722311e-01 5.147335850319909412e+01
-2.059179572709710360e-01 5.148788698375634709e+01
-3.329117299230879290e-01 5.155044244752232174e+01
-2.991513090423483789e-01 5.146712965326000955e+01
-1.635006763595525658e-01 5.145771908155347063e+01
-3.151928084134156260e-01 5.149844101439773425e+01
-3.716721508517652484e-01 5.154848596952784590e+01
-3.941091631216743774e-01 5.153827875211501208e+01
1.522067430564000012e-01 5.147487348734465229e+01
-5.980882644788836078e-02 5.160420240287619009e+01
-3.179609490058417087e-01 5.156902891682815238e+01
-4.366826702403937555e-01 5.160579049543703434e+01
-4.095926636986459979e-01 5.159884029868582900e+01
-3.609224788634216030e-01 5.150213095199534763e+01
-2.174224076013821227e-01 5.151582951115925368e+01
-5.432185207444444747e-02 5.146802155148845515e+01
-1.706918486205946939e-01 5.163431676098388579e+01
-2.554725600288367815e-01 5.138500897757157304e+01
1.094166612046359177e-01 5.137132133127227718e+01
-3.442702471072591752e-01 5.148670998921402031e+01
-1.182146652990592878e-01 5.148261311182552191e+01
-2.136455572125041669e-01 5.147225309701644846e+01
-9.947155090185115511e-02 5.161914155747772526e+01
1.349741527526737428e-01 5.155018182909468294e+01
-1.946554305783950722e-01 5.147572796748754342e+01
-7.319090882847228974e-02 5.147772567691919932e+01
-5.754736883433769767e-02 5.145579489285273667e+01
-1.992604191235921862e-01 5.151147450003711725e+01
-4.831226420125819127e-02 5.141595846170832118e+01
1.060450322502265799e-02 5.149302830409110499e+01
-3.234245948956014360e-01 5.153564541787235243e+01
-4.441514931958875922e-02 5.143638775668748764e+01
1.865747190872715233e-01 5.159255741424804853e+01
7.853725320544589772e-02 5.138589696562761588e+01
-4.334524920890526767e-01 5.149858994964036896e+01
-3.894378279725407288e-01 5.160314985666144594e+01
-3.851472291200540576e-01 5.158579935431017560e+01
2.310384389559241511e-02 5.153184014361039544e+01
3.240790985458224388e-02 5.152406125501562428e+01
2.330076104336029075e-02 5.141777665931527963e+01
9.881042236078377283e-02 5.148365951264556628e+01
-1.404178758006446592e-01 5.139817886264382452e+01
-3.324124842150997378e-02 5.164449120502001733e+01
-2.970850502593723186e-01 5.156615405200594893e+01
-1.148571419458659648e-01 5.149017678757122951e+01
-1.166642530192009142e-01 5.134043693293426003e+01
-1.856626535926237942e-01 5.149865617120957495e+01
-2.086769998986843511e-01 5.152948835916325265e+01
-2.137794072927263200e-01 5.153516798199029836e+01
-6.484171894634725708e-02 5.153964130169490687e+01
-2.729777481966165209e-01 5.159233551829446185e+01
-2.963634306329594459e-01 5.159821926496773870e+01
-1.471643854594155698e-01 5.147807413906371465e+01
2.077033530583271004e-01 5.150974368987260021e+01
-1.820217619432250300e-01 5.139618595649184840e+01
-2.406762314122215807e-01 5.149578425476072141e+01
-3.758425089551272191e-01 5.157380958189361309e+01
-2.354389774609262909e-01 5.141089793925257823e+01
-1.873917820939382528e-01 5.148688837410423247e+01
-1.425461236336022508e-01 5.153077210571359501e+01
-1.619326983742225279e-01 5.153002608278015373e+01
1.529518364947759501e-01 5.152433817316435238e+01
-7.108545031007240667e-02 5.150071526460278193e+01
3.767164864727866325e-02 5.159404562515161530e+01
-2.406843044640062379e-01 5.144850960390134276e+01
1.886899455126260228e-01 5.157725688888606186e+01
-5.166618590817377565e-02 5.149738926147452389e+01
-3.677275727586561960e-01 5.156608994809530344e+01
-3.644849205370492840e-01 5.155962471980679140e+01
4.649959084028741640e-02 5.150176725638951325e+01
-1.599608809947109522e-01 5.148684695864901073e+01
-2.064974681791822975e-02 5.144593510521006863e+01
-8.068132678774204980e-02 5.133121182665777127e+01
-1.882749634871566380e-01 5.147069204328021641e+01
-9.231229189403147850e-02 5.138961555469286679e+01
-6.105524715198958757e-02 5.134344236377559412e+01
1.079361198445655395e-01 5.157140272515324853e+01
-7.894888696039392695e-02 5.157768774351800545e+01
-4.948591070164995442e-02 5.151114510596033114e+01
-1.579351711738787856e-01 5.146532889958784551e+01
-2.258337547782059973e-01 5.150672100000523557e+01
-3.827958783544893606e-02 5.137542360843659850e+01
7.513964844849956026e-02 5.147141710285454508e+01
-1.730438938379183760e-03 5.139643706509952636e+01
1.057055715265761558e-01 5.143400919598328613e+01
2.123475383695208954e-02 5.158321426619821892e+01
-2.773896737940929613e-01 5.150660464577635622e+01
-6.704545328093651502e-02 5.148954428304462283e+01
-8.352841271671535006e-02 5.146318398252479653e+01
1.800447895181142011e-01 5.152351624996237689e+01
-7.820401737481200155e-02 5.140543771365732795e+01
-2.926595363926096649e-01 5.145753040202458806e+01
-4.086763704726524837e-01 5.155517364861176333e+01
-3.385748142838751473e-01 5.144037564388553108e+01
-3.834216672813643423e-01 5.150929357190815239e+01
-3.899603878727413986e-01 5.150000503200466540e+01
-6.094992034744265569e-02 5.165299301814450672e+01
-2.616050956817456141e-01 5.150003264343355625e+01
-1.986996858762447304e-01 5.144728875443735205e+01
-1.230105888547362442e-01 5.163621899186228603e+01
-1.265557849273840352e-01 5.161878219722147065e+01
-7.163649455386042475e-02 5.151901447107337617e+01
-6.081647479215578078e-02 5.157062989485547888e+01
2.124924501919688291e-01 5.158262694431374484e+01
2.174651900085238232e-01 5.155978525061853901e+01
-9.032453444708730961e-02 5.158214940280510064e+01
-2.195378980847530748e-01 5.152193753053258263e+01
-4.341282104296077110e-02 5.151700100022875262e+01
-1.281225512392582810e-01 5.155580384133519800e+01
-1.988628900996649018e-01 5.139215295167248598e+01
-1.834013395337575625e-01 5.138222510082056260e+01
-2.564663693500123798e-01 5.139326095436063468e+01
-1.305840288228508894e-01 5.150459448124121309e+01
-6.406425696375575574e-02 5.150674378802300168e+01
-1.335103710970584057e-01 5.142984137429549918e+01
-3.298600136439958086e-01 5.145535592121431279e+01
-3.016993740408444036e-01 5.139604209735034601e+01
-1.736141901020568645e-01 5.147374808375271016e+01
1.464131069453868117e-01 5.143959822410406701e+01
-1.043109214116282463e-01 5.154223463563548790e+01
1.184463569160397328e-01 5.147051479023266296e+01
-1.302904070038644058e-01 5.153531267575689157e+01
-9.724218685862759393e-02 5.153534975949814623e+01
-1.765323405657978628e-01 5.148613062977413080e+01
-3.247991590551425056e-01 5.161813424291673869e+01
-1.243946202699511006e-01 5.147493676594356060e+01
-7.425857175028682811e-02 5.155760894722001808e+01
-2.668720277335613900e-01 5.154200524344353340e+01
-2.100774259911652730e-01 5.137879841656079094e+01
-6.056848416849885432e-03 5.153998205573395097e+01
-1.221983971968445271e-01 5.144075825682055836e+01
-1.303810115511462031e-01 5.141738356497253193e+01
-1.218873382648358872e-01 5.142997307034106313e+01
-1.105725692099970847e-01 5.157509044108287100e+01
-3.149364502921884190e-01 5.155620741756671066e+01
-3.013216416447161428e-01 5.138481088863242974e+01
-3.829518587426838233e-02 5.150027104083893192e+01
-1.904688112542776979e-01 5.136525971676068991e+01
-1.933190539125408669e-01 5.137499796308945577e+01
-1.871661333658414250e-01 5.135610662711180652e+01
-2.053293596295256707e-01 5.136236468088362273e+01
-1.766964932127933208e-01 5.154199690194268157e+01
-5.675520691803463691e-02 5.142746611886710184e+01
-3.171073721719073202e-01 5.147894743752878099e+01
-1.343510093064280986e-01 5.148784741941223331e+01
-3.350237828808245721e-01 5.141992514829518512e+01
-4.443468245485609341e-02 5.146751918657118807e+01
1.185629898162505330e-01 5.152361407393693327e+01
-2.169238348671004013e-01 5.146525931108309493e+01
1.356986156541000743e-01 5.150344248190790353e+01
1.004827446867310320e-01 5.150293525714511134e+01
-6.891404449345325811e-02 5.146829514458413968e+01
-1.690094257598890037e-01 5.137445225075256161e+01
-1.367358428504414358e-01 5.144702993604722252e+01
-9.554872303952938184e-02 5.140337298709472691e+01
-1.006889464068387169e-01 5.144120775206147300e+01
-2.784613150120872627e-01 5.155374325463581187e+01
-1.197754015309118181e-01 5.156706810667153462e+01
-2.899047899212265356e-01 5.137426881274649304e+01
-1.723034529482819210e-01 5.143022396342185232e+01
-7.263867602209336805e-02 5.158522894715189722e+01
-5.961939463642610543e-02 5.159366112680512373e+01
-2.011799426028913762e-01 5.162986454530963698e+01
-7.819445658447224390e-02 5.165911310619561192e+01
-2.038729733285143675e-01 5.147562123483116636e+01
-4.097438977003297622e-01 5.151153036686044828e+01
-1.918054297991027557e-01 5.142210285561953498e+01
-3.013189335923192602e-01 5.142496065540237993e+01
-1.152934040442524094e-01 5.144960160867125865e+01
-4.568182362243512762e-02 5.167390154269553904e+01
-2.704492419520126978e-01 5.149287012175869904e+01
-3.174817391483554796e-01 5.145089689485693896e+01
-2.187430201235956440e-01 5.164421266041871661e+01
2.727891532612335967e-01 5.154524895308494337e+01
-6.544936871731740768e-02 5.161114549865665424e+01
-9.873759226060681293e-02 5.141462529186516406e+01
-4.646308308486092331e-01 5.154698310073383283e+01
-4.844534801245004574e-01 5.153504418144773069e+01
1.341580986921842578e-01 5.156057250996870067e+01
6.874152439348039934e-02 5.156296408210187110e+01
-2.440529509822828014e-02 5.161285840997974361e+01
-1.091357116277806849e-01 5.147485779084748003e+01
-4.909719995255821395e-02 5.153907726480846208e+01
1.662904307416406824e-01 5.153905333938884326e+01
-2.314661251763435179e-01 5.142726433189819346e+01
-8.674579457789252657e-02 5.144978032800319312e+01
-1.317952460901901379e-01 5.149292302755193163e+01
-1.115430568166208697e-01 5.136103650289965827e+01
6.312932643477041361e-02 5.153633129599323581e+01
-1.508711736455344010e-01 5.136721814925758878e+01
-1.499288566032004610e-01 5.135455290575600173e+01
-3.155191836752982426e-01 5.150686249999257882e+01
-1.651921167225974540e-01 5.138494264592715410e+01
-1.759123919422333759e-01 5.144708107933118413e+01
3.281535897711179706e-02 5.156721063935289351e+01
-1.438808078804450774e-01 5.149208525577319762e+01
-3.371086393234442591e-01 5.159983281221278872e+01
-7.016932481871433758e-02 5.152616713450330366e+01
-2.578073622790482688e-01 5.156656961061956679e+01
-2.972595241169905811e-01 5.154998251977113455e+01
-2.350741819791260789e-01 5.139832525247057049e+01
-4.703282111750922145e-01 5.150265912824149694e+01
-1.435774179341822721e-01 5.151235989866275133e+01
-1.873747342102685953e-01 5.160715474619916421e+01
-9.076328038094375050e-02 5.159222958656057045e+01
1.138022796332852256e-02 5.153560381106429844e+01
-1.916716678581330824e-01 5.154852849123928138e+01
-3.573219594022686851e-01 5.157778582059678030e+01
-2.353581363094748302e-01 5.157838157454627037e+01
-2.143780611821972659e-01 5.144467994526326038e+01
-2.337818926029832933e-01 5.145830653896119600e+01
-4.379874382295793067e-01 5.158110150264757721e+01
-1.189675370765504864e-01 5.139215114222344738e+01
-3.585912374547580161e-01 5.143943455831549727e+01
-1.156094703609404639e-02 5.137792750369657568e+01
-1.937812043090507974e-01 5.152125775331355584e+01
1.421663251494129643e-01 5.156774482479012534e+01
-8.459302247324768098e-02 5.160362686629456164e+01
-6.221309716015961666e-02 5.151548830893805331e+01
2.002541524749229030e-04 5.143322377443688964e+01
-3.570268809194447890e-01 5.145348256689237587e+01
-3.077257814320076904e-02 5.154643852326184827e+01
-2.349597131721426202e-01 5.154552266159092966e+01
-2.816630717479705684e-02 5.159025794241759399e+01
-1.972600167965883333e-01 5.143253312643194874e+01
-1.048060839561820723e-01 5.163010486895365858e+01
1.655809503436949954e-03 5.158708580540775301e+01
-1.717719491207511107e-01 5.161092145493066852e+01
-6.627931935883560333e-02 5.139347812910551738e+01
-1.045002429480031136e-01 5.160233153087055058e+01
6.106259482856634530e-02 5.148087812496693516e+01
5.242751767888861186e-02 5.149235173178483649e+01
-2.322729453486880036e-01 5.138017287793969246e+01
-2.387011206044431511e-01 5.151096082976125246e+01
-3.891280219676451213e-01 5.152320291252821960e+01
-4.661154771635738769e-01 5.151599697682411261e+01
