9.554000000000000000e+03
1.337200000000000000e+04
1.020600000000000000e+04
9.526000000000000000e+03
9.053000000000000000e+03
1.344200000000000000e+04
1.540200000000000000e+04
1.118500000000000000e+04
1.161100000000000000e+04
1.794000000000000000e+03
1.794000000000000000e+03
1.047500000000000000e+04
9.045000000000000000e+03
9.300000000000000000e+03
1.232300000000000000e+04
1.356000000000000000e+04
1.188600000000000000e+04
1.152200000000000000e+04
1.284000000000000000e+04
1.130300000000000000e+04
1.027700000000000000e+04
9.823000000000000000e+03
1.318800000000000000e+04
1.172800000000000000e+04
1.027400000000000000e+04
1.794000000000000000e+03
8.145000000000000000e+03
1.311200000000000000e+04
1.145000000000000000e+04
9.941000000000000000e+03
1.042300000000000000e+04
1.010400000000000000e+04
1.301700000000000000e+04
1.364200000000000000e+04
9.506000000000000000e+03
9.790000000000000000e+03
1.165300000000000000e+04
1.083900000000000000e+04
1.608800000000000000e+04
9.278000000000000000e+03
1.176500000000000000e+04
1.367500000000000000e+04
9.488000000000000000e+03
1.390400000000000000e+04
1.013100000000000000e+04
9.194000000000000000e+03
1.041900000000000000e+04
1.313500000000000000e+04
1.198100000000000000e+04
1.193900000000000000e+04
1.041800000000000000e+04
9.224000000000000000e+03
1.228900000000000000e+04
1.243200000000000000e+04
1.090500000000000000e+04
8.797000000000000000e+03
1.042100000000000000e+04
1.167800000000000000e+04
1.038700000000000000e+04
1.794000000000000000e+03
1.074500000000000000e+04
1.121100000000000000e+04
1.245800000000000000e+04
1.486600000000000000e+04
1.369700000000000000e+04
1.158100000000000000e+04
1.417100000000000000e+04
1.449900000000000000e+04
9.313000000000000000e+03
1.164300000000000000e+04
1.302400000000000000e+04
1.133100000000000000e+04
1.199700000000000000e+04
1.063100000000000000e+04
1.466800000000000000e+04
1.113600000000000000e+04
1.066900000000000000e+04
1.005500000000000000e+04
1.524300000000000000e+04
1.334600000000000000e+04
1.156600000000000000e+04
1.279800000000000000e+04
1.157400000000000000e+04
8.173000000000000000e+03
9.604000000000000000e+03
1.138800000000000000e+04
1.206100000000000000e+04
1.127800000000000000e+04
9.286000000000000000e+03
9.899000000000000000e+03
1.009100000000000000e+04
1.049000000000000000e+04
9.833000000000000000e+03
9.747000000000000000e+03
1.403100000000000000e+04
1.060800000000000000e+04
1.311500000000000000e+04
1.123900000000000000e+04
1.050000000000000000e+04
1.103000000000000000e+04
9.299000000000000000e+03
1.109800000000000000e+04
1.260800000000000000e+04
1.142900000000000000e+04
1.253100000000000000e+04
1.072800000000000000e+04
1.305800000000000000e+04
9.695000000000000000e+03
1.406900000000000000e+04
8.720000000000000000e+03
9.488000000000000000e+03
1.726100000000000000e+04
9.497000000000000000e+03
1.473900000000000000e+04
1.029000000000000000e+04
1.093500000000000000e+04
1.039000000000000000e+04
9.997000000000000000e+03
6.490000000000000000e+03
8.391000000000000000e+03
1.227000000000000000e+04
1.333200000000000000e+04
1.185500000000000000e+04
1.128600000000000000e+04
9.773000000000000000e+03
1.417900000000000000e+04
1.043800000000000000e+04
1.575700000000000000e+04
1.253600000000000000e+04
1.437600000000000000e+04
1.242500000000000000e+04
1.386000000000000000e+04
1.029400000000000000e+04
7.643000000000000000e+03
9.293000000000000000e+03
7.909000000000000000e+03
1.059500000000000000e+04
1.031800000000000000e+04
9.271000000000000000e+03
1.422900000000000000e+04
1.450400000000000000e+04
1.222500000000000000e+04
1.322000000000000000e+04
9.578000000000000000e+03
1.185800000000000000e+04
1.093600000000000000e+04
1.224200000000000000e+04
1.029500000000000000e+04
1.466300000000000000e+04
1.612100000000000000e+04
1.028900000000000000e+04
9.290000000000000000e+03
1.036900000000000000e+04
1.390400000000000000e+04
1.444300000000000000e+04
1.076200000000000000e+04
1.123300000000000000e+04
1.187500000000000000e+04
1.035800000000000000e+04
1.031500000000000000e+04
4.708000000000000000e+03
9.928000000000000000e+03
1.210200000000000000e+04
1.307300000000000000e+04
1.431100000000000000e+04
1.335000000000000000e+04
9.018000000000000000e+03
1.263400000000000000e+04
1.280400000000000000e+04
9.659000000000000000e+03
1.290300000000000000e+04
1.444800000000000000e+04
1.533200000000000000e+04
1.084000000000000000e+04
1.453400000000000000e+04
1.216200000000000000e+04
1.138100000000000000e+04
1.246500000000000000e+04
1.149600000000000000e+04
1.319600000000000000e+04
9.744000000000000000e+03
1.200000000000000000e+04
1.038300000000000000e+04
1.009600000000000000e+04
1.008900000000000000e+04
1.148000000000000000e+04
1.481600000000000000e+04
9.832000000000000000e+03
1.510300000000000000e+04
1.204800000000000000e+04
1.230300000000000000e+04
1.162900000000000000e+04
1.343800000000000000e+04
1.232800000000000000e+04
1.139600000000000000e+04
1.014600000000000000e+04
1.413700000000000000e+04
1.271400000000000000e+04
9.811000000000000000e+03
1.451200000000000000e+04
1.408500000000000000e+04
1.203400000000000000e+04
1.042000000000000000e+04
1.053500000000000000e+04
1.269700000000000000e+04
1.418000000000000000e+04
9.570000000000000000e+03
1.153000000000000000e+04
1.289800000000000000e+04
1.117600000000000000e+04
9.896000000000000000e+03
1.381000000000000000e+04
1.244800000000000000e+04
1.042700000000000000e+04
1.263400000000000000e+04
1.392900000000000000e+04
1.403900000000000000e+04
1.123500000000000000e+04
1.046500000000000000e+04
1.163200000000000000e+04
1.188800000000000000e+04
1.018900000000000000e+04
1.019700000000000000e+04
1.126900000000000000e+04
9.448000000000000000e+03
1.353900000000000000e+04
1.472700000000000000e+04
9.371000000000000000e+03
1.360100000000000000e+04
1.387900000000000000e+04
8.849000000000000000e+03
1.624900000000000000e+04
1.099400000000000000e+04
1.399100000000000000e+04
1.033300000000000000e+04
1.046500000000000000e+04
1.160500000000000000e+04
1.198500000000000000e+04
9.384000000000000000e+03
1.321300000000000000e+04
1.321200000000000000e+04
1.286000000000000000e+04
1.329700000000000000e+04
1.246600000000000000e+04
9.324000000000000000e+03
1.122800000000000000e+04
7.864000000000000000e+03
1.140000000000000000e+04
1.401000000000000000e+04
1.029100000000000000e+04
1.027600000000000000e+04
1.249400000000000000e+04
1.036600000000000000e+04
1.136700000000000000e+04
1.566300000000000000e+04
1.007500000000000000e+04
9.678000000000000000e+03
1.156000000000000000e+04
1.061700000000000000e+04
9.431000000000000000e+03
9.077000000000000000e+03
9.081000000000000000e+03
1.401000000000000000e+04
9.335000000000000000e+03
1.099500000000000000e+04
1.039600000000000000e+04
7.091000000000000000e+03
1.222700000000000000e+04
1.200400000000000000e+04
1.052500000000000000e+04
8.621000000000000000e+03
1.034500000000000000e+04
1.063200000000000000e+04
1.448500000000000000e+04
1.009800000000000000e+04
9.879000000000000000e+03
1.236600000000000000e+04
1.122400000000000000e+04
1.492300000000000000e+04
9.522000000000000000e+03
9.366000000000000000e+03
9.649000000000000000e+03
1.305300000000000000e+04
9.541000000000000000e+03
1.021700000000000000e+04
1.177800000000000000e+04
1.537700000000000000e+04
1.180500000000000000e+04
1.099800000000000000e+04
1.078100000000000000e+04
1.133200000000000000e+04
1.384700000000000000e+04
1.115200000000000000e+04
1.116100000000000000e+04
1.027800000000000000e+04
1.168100000000000000e+04
1.049200000000000000e+04
1.031000000000000000e+04
1.230500000000000000e+04
1.187800000000000000e+04
1.138200000000000000e+04
9.074000000000000000e+03
1.306800000000000000e+04
1.157900000000000000e+04
1.064500000000000000e+04
9.372000000000000000e+03
1.121400000000000000e+04
1.007500000000000000e+04
1.079100000000000000e+04
1.111500000000000000e+04
1.036900000000000000e+04
1.035600000000000000e+04
1.069800000000000000e+04
1.033000000000000000e+04
1.238000000000000000e+04
9.933000000000000000e+03
1.074500000000000000e+04
1.305200000000000000e+04
1.081600000000000000e+04
1.475100000000000000e+04
1.352500000000000000e+04
1.066800000000000000e+04
1.146200000000000000e+04
1.187200000000000000e+04
9.888000000000000000e+03
1.027700000000000000e+04
9.445000000000000000e+03
1.209800000000000000e+04
1.417200000000000000e+04
1.049400000000000000e+04
1.141300000000000000e+04
1.096400000000000000e+04
1.368700000000000000e+04
8.949000000000000000e+03
1.280600000000000000e+04
1.243000000000000000e+04
1.200300000000000000e+04
1.390600000000000000e+04
1.058200000000000000e+04
1.259600000000000000e+04
9.607000000000000000e+03
1.234000000000000000e+04
9.857000000000000000e+03
1.205700000000000000e+04
1.094700000000000000e+04
1.319000000000000000e+04
1.252200000000000000e+04
1.063500000000000000e+04
1.248400000000000000e+04
1.332900000000000000e+04
8.100000000000000000e+03
1.207000000000000000e+04
8.890000000000000000e+03
9.611000000000000000e+03
9.629000000000000000e+03
1.129900000000000000e+04
1.268600000000000000e+04
8.561000000000000000e+03
1.358500000000000000e+04
9.647000000000000000e+03
1.090200000000000000e+04
1.210300000000000000e+04
1.324200000000000000e+04
1.086600000000000000e+04
9.207000000000000000e+03
8.860000000000000000e+03
1.255600000000000000e+04
9.316000000000000000e+03
1.122600000000000000e+04
9.144000000000000000e+03
1.283200000000000000e+04
1.133900000000000000e+04
1.113900000000000000e+04
1.180100000000000000e+04
1.537900000000000000e+04
1.289200000000000000e+04
9.866000000000000000e+03
9.925000000000000000e+03
1.011400000000000000e+04
9.884000000000000000e+03
9.975000000000000000e+03
1.035100000000000000e+04
1.509300000000000000e+04
1.150400000000000000e+04
1.307400000000000000e+04
1.287000000000000000e+04
1.354900000000000000e+04
1.147200000000000000e+04
1.016000000000000000e+04
8.844000000000000000e+03
1.381200000000000000e+04
8.778000000000000000e+03
1.046500000000000000e+04
1.090400000000000000e+04
1.308900000000000000e+04
9.767000000000000000e+03
1.285100000000000000e+04
1.247700000000000000e+04
1.288800000000000000e+04
1.342000000000000000e+04
1.048300000000000000e+04
1.260600000000000000e+04
1.217500000000000000e+04
1.055900000000000000e+04
1.083300000000000000e+04
1.264700000000000000e+04
9.000000000000000000e+03
1.027100000000000000e+04
1.474000000000000000e+04
9.012000000000000000e+03
1.507800000000000000e+04
1.045200000000000000e+04
1.198300000000000000e+04
7.333000000000000000e+03
1.319700000000000000e+04
9.039000000000000000e+03
1.028000000000000000e+04
1.138100000000000000e+04
1.124800000000000000e+04
8.116000000000000000e+03
1.668700000000000000e+04
1.015500000000000000e+04
1.344100000000000000e+04
1.451300000000000000e+04
1.283200000000000000e+04
1.362700000000000000e+04
1.234600000000000000e+04
9.601000000000000000e+03
9.555000000000000000e+03
1.323600000000000000e+04
1.183200000000000000e+04
1.437400000000000000e+04
1.411200000000000000e+04
9.914000000000000000e+03
1.297800000000000000e+04
1.283200000000000000e+04
1.163600000000000000e+04
1.299800000000000000e+04
9.668000000000000000e+03
9.179000000000000000e+03
1.240000000000000000e+04
1.017900000000000000e+04
1.317500000000000000e+04
1.005500000000000000e+04
1.250500000000000000e+04
1.211400000000000000e+04
9.270000000000000000e+03
1.079100000000000000e+04
1.003800000000000000e+04
9.395000000000000000e+03
8.625000000000000000e+03
1.196400000000000000e+04
1.104900000000000000e+04
1.026000000000000000e+04
1.097900000000000000e+04
1.077000000000000000e+04
1.301100000000000000e+04
1.320000000000000000e+04
1.139500000000000000e+04
1.094700000000000000e+04
1.053800000000000000e+04
6.186000000000000000e+03
7.662000000000000000e+03
1.321500000000000000e+04
1.216500000000000000e+04
9.723000000000000000e+03
1.459100000000000000e+04
1.187900000000000000e+04
1.191000000000000000e+04
1.317900000000000000e+04
1.207800000000000000e+04
1.246400000000000000e+04
1.024900000000000000e+04
1.397800000000000000e+04
1.285400000000000000e+04
9.303000000000000000e+03
1.043200000000000000e+04
1.085400000000000000e+04
1.331800000000000000e+04
1.163100000000000000e+04
1.129500000000000000e+04
1.259200000000000000e+04
1.459000000000000000e+04
1.027800000000000000e+04
1.082300000000000000e+04
9.028000000000000000e+03
1.304900000000000000e+04
1.289500000000000000e+04
1.246600000000000000e+04
1.248100000000000000e+04
1.406300000000000000e+04
1.210300000000000000e+04
1.289700000000000000e+04
8.383000000000000000e+03
1.085900000000000000e+04
1.178000000000000000e+04
1.277800000000000000e+04
1.260300000000000000e+04
9.010000000000000000e+03
1.267900000000000000e+04
1.117800000000000000e+04
9.155000000000000000e+03
1.079800000000000000e+04
8.571000000000000000e+03
8.658000000000000000e+03
1.124500000000000000e+04
1.221500000000000000e+04
9.946000000000000000e+03
9.644000000000000000e+03
1.239500000000000000e+04
1.004300000000000000e+04
1.049900000000000000e+04
1.067200000000000000e+04
1.249000000000000000e+04
1.093300000000000000e+04
7.529000000000000000e+03
9.339000000000000000e+03
1.341600000000000000e+04
1.013300000000000000e+04
1.594300000000000000e+04
1.032700000000000000e+04
1.237800000000000000e+04
1.335900000000000000e+04
1.344900000000000000e+04
1.274600000000000000e+04
1.032400000000000000e+04
1.230700000000000000e+04
1.019100000000000000e+04
1.134600000000000000e+04
1.001600000000000000e+04
9.675000000000000000e+03
8.827000000000000000e+03
9.980000000000000000e+03
1.166300000000000000e+04
1.535300000000000000e+04
9.717000000000000000e+03
8.342000000000000000e+03
9.615000000000000000e+03
1.442600000000000000e+04
8.547000000000000000e+03
1.234400000000000000e+04
1.070100000000000000e+04
1.175500000000000000e+04
1.197300000000000000e+04
1.038400000000000000e+04
1.258900000000000000e+04
1.478400000000000000e+04
1.095800000000000000e+04
1.183600000000000000e+04
1.246200000000000000e+04
9.531000000000000000e+03
1.326100000000000000e+04
1.196600000000000000e+04
1.272800000000000000e+04
1.444900000000000000e+04
1.392800000000000000e+04
9.899000000000000000e+03
1.162600000000000000e+04
8.835000000000000000e+03
8.403000000000000000e+03
1.311900000000000000e+04
1.274400000000000000e+04
1.018400000000000000e+04
9.590000000000000000e+03
1.572100000000000000e+04
1.267400000000000000e+04
1.484300000000000000e+04
1.419000000000000000e+04
1.167100000000000000e+04
1.143800000000000000e+04
8.775000000000000000e+03
1.164300000000000000e+04
1.068000000000000000e+04
1.317200000000000000e+04
1.206600000000000000e+04
9.720000000000000000e+03
8.914000000000000000e+03
1.048400000000000000e+04
8.630000000000000000e+03
1.339300000000000000e+04
1.293200000000000000e+04
9.974000000000000000e+03
9.602000000000000000e+03
1.268800000000000000e+04
1.072200000000000000e+04
1.355500000000000000e+04
1.150600000000000000e+04
8.131000000000000000e+03
8.963000000000000000e+03
1.168500000000000000e+04
1.240500000000000000e+04
1.100200000000000000e+04
9.559000000000000000e+03
1.158900000000000000e+04
7.463000000000000000e+03
1.426400000000000000e+04
1.188400000000000000e+04
1.263700000000000000e+04
1.005300000000000000e+04
9.690000000000000000e+03
1.458700000000000000e+04
1.435600000000000000e+04
1.268800000000000000e+04
1.018300000000000000e+04
1.649800000000000000e+04
9.772000000000000000e+03
1.427600000000000000e+04
1.007500000000000000e+04
9.604000000000000000e+03
1.198500000000000000e+04
1.204600000000000000e+04
1.336400000000000000e+04
9.149000000000000000e+03
1.104900000000000000e+04
1.271400000000000000e+04
1.097500000000000000e+04
1.007900000000000000e+04
1.222500000000000000e+04
1.133100000000000000e+04
1.553300000000000000e+04
1.571500000000000000e+04
1.150100000000000000e+04
1.496700000000000000e+04
1.276700000000000000e+04
9.874000000000000000e+03
1.199700000000000000e+04
1.192300000000000000e+04
1.105600000000000000e+04
