5.300000000000000000e+04
1.360000000000000000e+05
8.000000000000000000e+04
1.180000000000000000e+05
1.250000000000000000e+05
2.920000000000000000e+05
3.430000000000000000e+05
1.500000000000000000e+05
1.380000000000000000e+05
1.160000000000000000e+05
8.100000000000000000e+04
9.500000000000000000e+04
1.360000000000000000e+05
8.400000000000000000e+04
8.100000000000000000e+04
8.900000000000000000e+04
1.960000000000000000e+05
1.390000000000000000e+05
1.920000000000000000e+05
1.340000000000000000e+05
8.200000000000000000e+04
1.410000000000000000e+05
8.000000000000000000e+04
8.500000000000000000e+04
8.400000000000000000e+04
8.400000000000000000e+04
8.800000000000000000e+04
2.010000000000000000e+05
7.200000000000000000e+04
1.980000000000000000e+05
7.600000000000000000e+04
1.240000000000000000e+05
6.140000000000000000e+05
