5.400000000000000000e+04
1.380000000000000000e+05
7.500000000000000000e+04
1.160000000000000000e+05
1.140000000000000000e+05
2.940000000000000000e+05
3.390000000000000000e+05
1.560000000000000000e+05
1.340000000000000000e+05
1.110000000000000000e+05
7.100000000000000000e+04
1.080000000000000000e+05
1.230000000000000000e+05
7.500000000000000000e+04
8.000000000000000000e+04
8.800000000000000000e+04
1.850000000000000000e+05
1.500000000000000000e+05
1.680000000000000000e+05
1.490000000000000000e+05
8.200000000000000000e+04
1.300000000000000000e+05
7.500000000000000000e+04
8.100000000000000000e+04
7.900000000000000000e+04
8.200000000000000000e+04
8.500000000000000000e+04
1.900000000000000000e+05
7.700000000000000000e+04
1.670000000000000000e+05
6.900000000000000000e+04
1.240000000000000000e+05
6.120000000000000000e+05
