2.285860567022923034e-02
4.385945465555304845e-02
3.043840352834340651e-02
3.673461477273503445e-02
4.120653237668064905e-02
2.760980026605909174e-02
1.000545029336632769e-03
4.609353116127501426e-02
4.196098459988865936e-02
3.814215408030936783e-02
2.989407133847019060e-02
2.827961887265513161e-02
2.303958496901391609e-02
3.018743069489775860e-02
2.883594198679296713e-02
3.126689273741786734e-02
3.388230852062529969e-02
2.960656801482301412e-02
2.451126177846879237e-02
2.215797317686013859e-02
2.053403951511490952e-02
3.711177116966307699e-02
3.470703313719806365e-02
2.619989065950223059e-02
3.400556406771748641e-02
3.327272339405620838e-02
2.402897565019741430e-02
3.414150768583388423e-02
2.506493573492026700e-02
2.734293248649522293e-02
3.044314412630849329e-02
3.630461465143149796e-02
2.527658949112608980e-02
