7.793496031128599455e-02 5.153971137168415595e+01
1.482695983072465917e-01 5.154558920732137750e+01
1.189566229768450056e-01 5.155453392495610387e+01
1.399851462127279234e-01 5.158475131310898831e+01
1.735806870802999724e-01 5.155364755827345391e+01
1.056740009726758328e-01 5.153589571192605234e+01
8.294301489795234683e-02 5.153241143347084829e+01
1.355785474635714527e-01 5.153609041590421924e+01
1.543394330504024858e-01 5.155752370410866803e+01
9.657869737990448789e-02 5.154383820392357762e+01
