2.306710980339438458e-02 1.860156243247751418e-02 1.623632111274791318e-02 6.051826305241202707e-03 2.502701349250860061e-02 3.536629332238196925e-03 9.203170153776215820e-03 1.949476511209740845e-02 9.331426630863089502e-03 1.798212425929751612e-02
3.064478491759404719e-02 2.253300758700155920e-02 2.057420553637532429e-02 7.663040968296047813e-03 3.124852226723233775e-02 4.615884735882069476e-03 1.253736640653746286e-02 2.540632909740539458e-02 1.165114215801262357e-02 2.310844222653858637e-02
9.405842941011649874e-03 7.783594212574226033e-03 6.834148109844467682e-03 2.418971552093862609e-03 1.045678763978551314e-02 1.426207904466698451e-03 4.004680913714439225e-03 8.389522334406004575e-03 4.003909702927164332e-03 7.452500392818038437e-03
6.168089242958946228e-03 5.199383400928936014e-03 4.571908621887412622e-03 1.667994578961727202e-03 7.036836120352904164e-03 9.899960362047973382e-04 2.593391632160841481e-03 5.802085239532382872e-03 2.526726515317721626e-03 4.894365858089898963e-03
7.158116788196400467e-03 5.433173591171585118e-03 4.820013672673898082e-03 1.827360883626190325e-03 7.197429939713466743e-03 1.053789638922631453e-03 2.750330135099355797e-03 6.379953893777520584e-03 2.745741735015274233e-03 5.539098471856976347e-03
2.893924822288601942e-02 2.206310038553105021e-02 1.948662977659303130e-02 7.067532799152422690e-03 2.802255288743374026e-02 4.339714091139654575e-03 1.094806975152803376e-02 2.520941549412839336e-02 1.078546629833487293e-02 2.103119070110162636e-02
6.727965350393569008e-03 5.275352859548524884e-03 4.584217600563910040e-03 1.723903836995078435e-03 7.219187899130131633e-03 1.013402839913874615e-03 2.816285674519813671e-03 5.961238704963093757e-03 2.599873057756337848e-03 5.256465184113796353e-03
2.403222389939308271e-02 1.792052716532734416e-02 1.567657680974905710e-02 6.314351107176662675e-03 2.535253140324076476e-02 3.657487269904937440e-03 9.371195433459753033e-03 2.093483280490690546e-02 9.103368664881414385e-03 1.789597269293202383e-02
6.337035389026698419e-03 4.809954122056724936e-03 4.270280198864921488e-03 1.645465989099910518e-03 6.601775675668867041e-03 9.838643492325650514e-04 2.461973760464979729e-03 5.269318685831830829e-03 2.407560997492053361e-03 4.936432281289555163e-03
1.541431905033588227e-02 1.218485468587013690e-02 1.121637462065438323e-02 4.221055550801773582e-03 1.725089580374074283e-02 2.443174095356719262e-03 6.471430672850116139e-03 1.399464344234005626e-02 6.498919467033318839e-03 1.220415962861167054e-02
